0.000000000000000000000000,
0.000000000000000000000000,
0.000000000000000000000000,
0.000000000000000000000000,
0.000000000000000000000000,
0.000000000000000000000000,
0.000000000000000000000000,
0.000000000000000000000000,
0.000000000000000000000000,
0.000000000000000000000000,
0.000000000000000000000000,
0.000000000000000000000000,
0.000000000000000000000000,
0.000000000000000000000000,
0.000000000000000000000000,
0.000000000000000000000000,
0.000000000000000000000000,
0.000000000000000000000000,
0.000000000000000000000000,
0.000000000000000000000000,
0.000000000000000000000000,
0.000000000000000000000000,
0.000000000000000000000000,
0.000000000000000000000000,
0.000000000000000000000000,
0.000000000000000000000000,
0.000000000000000000000000,
0.000000000000000000000000,
0.000000000000000000000000,
0.000000000000000000000000,
0.000000000000000000000000,
0.000000000000000000000000,
0.000000000000000000000000,
0.000000000000000000000000,
0.000000000000000000000000,
0.000000000000000000000000,
0.000000000000000000000000,
0.000000000000000000000000,
0.000000000000000000000000,
0.000000000000000000000000,
0.000000000000000000000000,
0.000000000000000000000000,
0.000000000000000000000000,
0.000000000000000000000000,
0.000000000000000000000000,
0.000000000000000000000000,
0.000000000000000000000000,
0.000000000000000000000000,
0.000000000000000000000000,
0.000000000000000000000000,
0.000000000000000000000000,
0.000000000000000000000000,
0.000000000000000000000000,
0.000000000000000000000000,
0.000000000000000000000000,
0.000000000000000000000000,
0.000000000000000000000000,
0.000000000000000000000000,
0.000000000000000000000000,
0.000000000000000000000000,
0.000000000000000000000000,
0.000000000000000000000000,
0.000000000000000000000000,
0.000000000000000000000000,
0.000000000000000000000000,
0.000000000000000000000000,
0.000000000000000000000000,
0.000000000000000000000000,
0.000000000000000000000000,
0.000000000000000000000000,
0.000000000000000000000000,
0.000000000000000000000000,
0.000000000000000000000000,
0.000000000000000000000000,
0.000000000000000000000000,
0.000000000000000000000000,
0.000000000000000000000000,
0.000000000000000000000000,
0.000000000000000000000000,
0.000000000000000000000000,
0.000000000000000000000000,
0.000000000000000000000000,
0.000000000000000000000000,
0.000000000000000000000000,
0.000000000000000000000000,
0.000000000000000000000000,
0.000000000000000000000000,
0.000000000000000000000000,
0.000000000000000000000000,
0.000000000000000000000000,
0.000000000000000000000000,
0.000000000000000000000000,
0.000000000000000000000000,
0.000000000000000000000000,
0.000000000000000000000000,
0.000000000000000000000000,
0.000000000000000000000000,
0.000000000000000000000000,
0.000000000000000000000000,
0.000000000000000000000000,
0.000000000000000000000000,
0.000000000000000000000000,
0.000000000000000000000000,
0.000000000000000000000000,
0.000000000000000000000000,
0.000000000000000000000000,
0.000000000000000000000000,
0.000000000000000000000000,
0.000000000000000000000000,
0.000000000000000000000000,
0.000000000000000000000000,
0.000000000000000000000000,
0.000000000000000000000000,
0.000000000000000000000000,
0.000000000000000000000000,
0.000000000000000000000000,
0.000000000000000000000000,
0.000000000000000000000000,
0.000000000000000000000000,
0.000000000000000000000000,
0.000000000000000000000000,
0.000000000000000000000000,
0.000000000000000000000000,
0.000000000000000000000000,
0.000000000000000000000000,
0.000000000000000000000000,
0.000000000000000000000000,
0.000000000000000000000000,
0.000000000000000000000000,
0.000000000000000000000000,
0.000000000000000000000000,
0.000000000000000000000000,
0.000000000000000000000000,
0.000000000000000000000000,
0.000000000000000000000000,
-0.000000003084563194711420,
0.000000012556351561930832,
-0.000000028522339561278343,
0.000000051073399993160664,
-0.000000080316431931664659,
0.000000116343861396226341,
-0.000000159262639546113722,
0.000000209166719913358852,
-0.000000266163232297007782,
0.000000330347646642401091,
-0.000000401827398315821346,
0.000000480699477005290374,
-0.000000567071752201974329,
0.000000661042751031975357,
-0.000000762720908537029213,
0.000000872206321393665492,
-0.000000989608125717402555,
0.000001115028034428121330,
-0.000001248576025568603643,
0.000001390355489851767926,
-0.000001540477394678371387,
0.000001699046885352253144,
-0.000001866176073913976656,
0.000002041971952810854476,
-0.000002226547943168266210,
0.000002420012993513635836,
-0.000002622482009028139861,
0.000002834066020394912258,
-0.000003054881603775353248,
0.000003285042016110828167,
-0.000003524665704925961174,
0.000003773868316582742398,
-0.000004032770385409146764,
0.000004301490130589269606,
-0.000004580150405464016700,
0.000004868872207030042314,
-0.000005167780958454536148,
0.000005477000662652602782,
-0.000005796659584021531419,
0.000006126884984340290724,
-0.000006467808263386846032,
0.000006819560221525464845,
-0.000007182275713163415660,
0.000007556089385926351963,
-0.000007941139895769316469,
0.000008337566077654281379,
-0.000008745510766500177023,
0.000009165117358813665990,
-0.000009596533279506407602,
0.000010039906898040563176,
-0.000010495390677408110092,
0.000010963138412078717433,
-0.000011443308092084952650,
0.000011936059433451948477,
-0.000012441556487330495149,
0.000012959965436673387792,
-0.000013491456977672501406,
0.000014036204359257490186,
-0.000014594385561710865635,
0.000015166181558129121669,
-0.000015751778312969434926,
0.000016351365246976990863,
-0.000016965137076535517758,
0.000017593292465735859721,
-0.000018236035725764204425,
0.000018893575639794210359,
-0.000019566127040220901532,
0.000020253909793923707654,
-0.000020957150273925701341,
0.000021676080494338432488,
-0.000022410939491988081948,
0.000023161972602020657275,
-0.000023929432764178328193,
0.000024713579931634817473,
-0.000025514682315948993864,
0.000026333015923233695936,
-0.000027168865751324909971,
0.000028022525448916348815,
-0.000028894298478161825058,
0.000029784497893923492820,
-0.000030693447484916619884,
0.000031621481671754484940,
-0.000032568946639830878640,
0.000033536200356424619370,
-0.000034523613708806838126,
0.000035531570642356327748,
-0.000036560469317898517739,
0.000037610722374588065125,
-0.000038682758121257130451,
0.000039777020929780927607,
-0.000040893972476313082676,
0.000042034092273008594686,
-0.000043197878976440677546,
0.000044385851068024630508,
-0.000045598548248698378925,
0.000046836532281186544699,
-0.000048100388492320978525,
0.000049390726793505878277,
-0.000050708183314897065010,
0.000052053421624181515828,
-0.000053427134520334137037,
0.000054830045475289233045,
-0.000056262910619297548426,
0.000057726520435365758172,
-0.000059221701973518397154,
0.000060749320834215718521,
-0.000062310283655382349898,
0.000063905540428638017052,
-0.000065534075465173619902,
0.000067194779698430799901,
-0.000068888680455238808118,
0.000070616870783110388915,
-0.000072380492154369241399,
0.000074180758040278088443,
-0.000076018939206411376814,
0.000077896385970283675408,
-0.000079814515997198668957,
0.000081774835547949331236,
-0.000083778929727744454788,
0.000085828483039141202876,
-0.000087925272084359826262,
0.000090071185756165588593,
-0.000092268220447948895067,
0.000094518500243658622227,
-0.000096824274753157962316,
0.000099187939704240579730,
-0.000101612037596464138602,
0.000104099279157485370305,
-0.000106652547101407290330,
0.000109274918993430627547,
-0.000111969674515057386111,
0.000114740320392429332331,
-0.000117590601719274942126,
0.000120524529755326371039,
-0.000123546398050775459122,
0.000126660814125941639536,
-0.000129872721395134118998,
0.000133187436017531837069,
-0.000136610675957971489667,
0.000140148604680572392038,
-0.000143807869144152103294,
0.000147595652536575296489,
-0.000151519723634398195689,
0.000155588501509274092878,
-0.000159811119560780104821,
0.000164197506159410432786,
-0.000168758467902532067421,
0.000173505791632211266986,
-0.000178452353241668614132,
0.000183612248637781739786,
-0.000189000937011209088059,
0.000194635411444423340717,
-0.000200534389384019644600,
0.000206718538273052834320,
-0.000213210731727246746887,
0.000220036352690823762933,
-0.000227223642675785584806,
0.000234804116004542340465,
-0.000242813043384793785049,
0.000251290028391504900902,
-0.000260279689039957286018,
0.000269832476340945218163,
-0.000280005654547904592449,
0.000290864489734802623196,
-0.000302483692452771429915,
0.000314949187619771467459,
-0.000328360294474748927278,
0.000342832438746455236793,
-0.000358500548455307143595,
0.000375523349531355467648,
-0.000394088846166484603039,
0.000414421391344225629409,
-0.000436790907536528996962,
0.000461525066613595400921,
-0.000489025594269808195833,
0.000519790431047430180264,
-0.000554444355591287392146,
0.000593782101131068093536,
-0.000638830340583501567371,
0.000690938936512271802311,
-0.000751918947964929501593,
0.000824257961063863914090,
-0.000911468491088509723437,
0.001018676424821103902382,
-0.001153667487624496484216,
0.001328869714615895638796,
-0.001565419918572254470018,
0.001902413522684830030421,
-0.002421128414348349289914,
0.003322976181438334463553,
-0.005282024407740046334503,
0.012817108565043033863162,
0.028718432089907756921132,
-0.008712103862719120656033,
0.002382581054135052712334,
-0.004289736816620410772560,
0.000694986872826459413377,
-0.003101401263656887712789,
0.000164044959955341905153,
-0.002498545214064455417119,
-0.000056567781237241987480,
-0.002111038872408909847223,
-0.000154378417629748103911,
-0.001830127194853706489724,
-0.000194111160807939296669,
-0.001611882910974054032224,
-0.000203701639982761047339,
-0.001434873694698281026624,
-0.000196937907261122892993,
-0.001287209032320573830893,
-0.000181241887347707961338,
-0.001161636406872250913691,
-0.000160844458018012128296,
-0.001053396843822563318932,
-0.000138247120027332941281,
-0.000959181670225432150487,
-0.000114957529969948897813,
-0.000876584071165835074235,
-0.000091884027035064484365,
-0.000803785220790884276376,
-0.000069569169579346181852,
-0.000739365555281563209197,
-0.000048322003277259108992,
-0.000682191406862729231991,
-0.000028300572597355635410,
-0.000631337299198558984589,
-0.000009573108950823648426,
-0.000586026145455012200704,
0.000007855581743129280269,
-0.000545614766761195698654,
0.000024030569436654647657,
-0.000509560392973000542138,
0.000039023320481327086490,
-0.000477399860860840607665,
0.000052921622940161141841,
-0.000448735640437850449337,
0.000065822848412398543474,
-0.000423225175012250732012,
0.000077829499243611420436,
-0.000400572629445019841657,
0.000089046349636541142179,
-0.000380522434085364008073,
0.000099578720766963760205,
-0.000362854204293070218765,
0.000109531583081872124601,
-0.000347378745566037151239,
0.000119009283160416038739,
-0.000333934945324073284220,
0.000128115766172372252821,
-0.000322387419005010634858,
0.000136955219858933080696,
-0.000312624829988768422086,
0.000145633110124380690288,
-0.000304558846867295385935,
0.000154257617783707366450,
-0.000298123743230237138891,
0.000162941525953273281310,
-0.000293276689617228965117,
0.000171808425200294101476,
-0.000290014194563667482805,
0.000181011864721110111043,
-0.000288359842033961621607,
0.000190700960791190531366,
-0.000288351123566074694481,
0.000201040488069036859175,
-0.000290059807073070601447,
0.000212221959488832068305,
-0.000293599154248878500481,
0.000224473371740738008792,
-0.000299134384375501262161,
0.000238072767365246032879,
-0.000306897904570094920938,
0.000253367543106915995774,
-0.000317211746234589986055,
0.000270802636134424270977,
-0.000330521764527281342299,
0.000290964989479839699054,
-0.000347451660701925222220,
0.000314647077110334866083,
-0.000368879630665349387587,
0.000342949844859540399575,
-0.000396075351587586862393,
0.000377461215046704561329,
-0.000430932499026084804995,
0.000420566771666303323551,
-0.000476389938186699574835,
0.000476031763797495272635,
-0.000537250149079593905879,
0.000550178177741121208696,
-0.000621912983166327611347,
0.000654512845329562531135,
-0.000746492109389452324596,
0.000812433705526038191236,
-0.000946268843849818581081,
0.001079974539979252756011,
-0.001316194117503958951193,
0.001633268588994785022045,
-0.002229376226831975872644,
0.003462883965096104528503,
-0.008164586919676935020118,
-0.020315740776931705269259,
0.005755857942420126820149,
-0.001449782833786442386853,
0.002791195066362327746601,
-0.000334030347225377057321,
0.002001529249705175095286,
0.000012608351262399157371,
0.001599753984878777473069,
0.000154918680075159798104,
0.001340071894408456122660,
0.000217002565028310266150,
0.001150600821101747895867,
0.000241524461058885311741,
0.001002360191069406490302,
0.000246843630566001548659,
0.000881217874004775999011,
0.000241997612673726077495,
0.000779327386451021913820,
0.000231838518302071453295,
0.000691894235083249931062,
0.000219124666740670470981,
0.000615763683664927478564,
0.000205482213773319191599,
0.000548734291693309529474,
0.000191889006157224028051,
0.000489193945503171487808,
0.000178941259209358926327,
0.000435909151430358707355,
0.000166996977552138613915,
0.000387916991164869882566,
0.000156258428902411898240,
0.000344443056099837064885,
0.000146832535467821781883,
0.000304849953088430871469,
0.000138765643021397579605,
0.000268603367014753728614,
0.000132066192388731917969,
0.000235248234942587379319,
0.000126719834589932879836,
0.000204391464621582447754,
0.000122699727018600254769,
0.000175688994218522277551,
0.000119973716557899724570,
0.000148835783888622626581,
0.000118509508609432510592,
0.000123557803633142152108,
0.000118278556784148363183,
0.000099605369004618994665,
0.000119259188333989128478,
0.000076747349351509772759,
0.000121439351329505758033,
0.000054765872464364692045,
0.000124819301728461631851,
0.000033451195889164300485,
0.000129414527248982434184,
0.000012596417955041642068,
0.000135259226047048796045,
-0.000008009832784192541890,
0.000142416805345396409004,
-0.000028596547511442455924,
0.000150980090531656276250,
-0.000049403542239185655382,
0.000161072883967080041079,
-0.000070698269561808712723,
0.000172867462233429101080,
-0.000092792296484654171636,
0.000186601025207522915744,
-0.000116062403590730687858,
0.000202600040793873750061,
-0.000140981534055763788917,
0.000221317255482038664034,
-0.000168165879972269978384,
0.000243389714702842694695,
-0.000198449330969743592459,
0.000269733046586435258173,
-0.000233007797499481573728,
0.000301707428396455912961,
-0.000273578399280026375237,
0.000341397499818384825288,
-0.000322835393090651603856,
0.000392149400130231630575,
-0.000385168406838083861050,
0.000459698126131975878458,
-0.000468356399037073850566,
0.000554733993880547268662,
-0.000587647900284683126840,
0.000699690574514505946556,
-0.000777678689518445775269,
0.000951022870295101978647,
-0.001137750325258840566889,
0.001502807941053830665182,
-0.002115474771682983572835,
0.003764946815854064779416,
-0.017352304990439451626294,
-0.005479155677829952199309,
0.003618422081644489824576,
-0.000763070402090319831537,
0.002035861591009147358172,
-0.000097412331659232258632,
0.001487793281071912764382,
0.000148658714808065791323,
0.001162503103446307136520,
0.000290265125862767148657,
0.000891777572733803590085,
0.000451354452000792319942,
0.000526744428574335847755,
0.000927788824233188782337,
-0.001024489879507009711113,
-0.018691076369965867881584,
0.004021972944376548710077,
-0.000517170296472352700179,
0.002940776723759201856379,
-0.000540585781381267525825,
0.003142973790430180804079,
-0.001527514030610774981023,
0.005192663063458133852757,
-0.011412872720636948672968,
-0.010025235851529435901486,
0.005851646915811210131197,
-0.000804260717686707590074,
0.003461093057683366919219,
0.000029180342784110085627,
0.002747828286580184832533,
0.000223304674725135262475,
0.002381867754839186133997,
0.000238522171930232980766,
0.002153703148007952115905,
0.000181482192114774238366,
0.002000509062754904279074,
0.000088010155881091908271,
0.001897878415462702413746,
-0.000028420001901343153183,
0.001835738675700822504500,
-0.000163914180771242189508,
0.001811316247187127635374,
-0.000320374153352795528957,
0.001827355892633130730884,
-0.000505220717884602259218,
0.001893162732127400688098,
-0.000733965705998924520734,
0.002029213203221227803524,
-0.001038021293457735191174,
0.002280333678135529340558,
-0.001487709947317604171693,
0.002757997256014664208545,
-0.002276089345946986138708,
0.003824604840792722882520,
-0.004191655216518272789039,
0.007670090511722228027169,
-0.018774891697010409608026,
-0.024362547221337578495781,
0.009547289380208746900625,
-0.002284749396942345293915,
0.004707296974901169911432,
-0.000356902461938987582840,
0.003291477098345340669694,
0.000295313709340496452840,
0.002531178746289355213639,
0.000605471124732431418766,
0.002002491830641401487911,
0.000799659891607812953022,
0.001559617135883725400070,
0.000989388301877752729396,
0.001078461686501192874632,
0.001381341866389282271171,
-0.000063032065249912436200,
0.016146205205949962224743,
0.002078799013157338164415,
-0.000891724626761128229269,
0.000765151277400167987609,
-0.000382401957366456280059,
0.000439513706881127462749,
-0.000160055312683613713528,
0.000240694841649919527571,
-0.000000423457371476621946,
0.000075176069375935416247,
0.000146880616916133090264,
-0.000091078216980548462340,
0.000310194604446794501649,
-0.000287542116706695908331,
0.000525934222924371273800,
-0.000566639376832691970230,
0.000878876437008264542634,
-0.001083804455081734292865,
0.001701154186535493943039,
-0.002752203274189284933071,
0.007688548710640697239627,
0.011300096890909480662479,
-0.004162090612255607557923,
0.001350533641649235162135,
-0.002054772041475985688841,
0.000478332931357364210534,
-0.001437838356197342548279,
0.000161950311846307355365,
-0.001105453827757655986541,
-0.000001246474894473457995,
-0.000877502920474523264924,
-0.000104376019184645671151,
-0.000699060677324378596138,
-0.000181185944482163425323,
-0.000546543603630690491384,
-0.000247844766678678002890,
-0.000406717398523899660578,
-0.000314572365695762242582,
-0.000269578184705870959118,
-0.000390527998617600283736,
-0.000124390581765526045833,
-0.000487746766285545923711,
0.000045151166202787537153,
-0.000628169022215370421655,
0.000272547024559966193785,
-0.000864949802226281771328,
0.000651919894830593348208,
-0.001383276948896917761533,
0.001622002979132933795162,
-0.003651598863861304361533,
0.027887766491265959800661,
0.003249268070344799030913,
-0.003777676699689257698578,
-0.000014105473441450256875,
-0.002441434703979050539757,
-0.000499398680800530389567,
-0.001907699669318381214406,
-0.000652657259098332154061,
-0.001571560636995571148475,
-0.000708432710783746906122,
-0.001317857870618472249796,
-0.000728066718739527724523,
-0.001107767480747729772761,
-0.000734807475913108482796,
-0.000923510036341620901140,
-0.000739836448578851048515,
-0.000754745949917530402525,
-0.000749981256005547748666,
-0.000593810871771710655116,
-0.000770904691282943746976,
-0.000433288869673601785559,
-0.000809236359453952783932,
-0.000263752015623555256720,
-0.000875336266596217537142,
-0.000069854649973025975326,
-0.000989376639564776283464,
0.000179967601361372868743,
-0.001200106754607998312684,
0.000570900911983297201964,
-0.001668429313775070081671,
0.001462628548801450352815,
-0.003449562842303747350892,
0.009878144393282595886463,
0.006615340492040043193778,
-0.003643306838526930418326,
0.000636744684159131109358,
-0.001918717843893081621831,
-0.000085811231737674387686,
-0.001322218309755281108117,
-0.000374954190225278009060,
-0.000949349366864836951251,
-0.000559283957245412972903,
-0.000639317494914959740838,
-0.000734887634098945483410,
-0.000317138566301943555879,
-0.000975645201031120055425,
0.000115839931204887790044,
-0.001443682076074133055488,
0.000997238859996407538133,
-0.003073124231238521381071,
0.007592879052632867109551,
0.008412213438158663847410,
-0.004146486271890669275675,
0.000869297748931591434535,
-0.002241253998030373530831,
0.000080266513276989657176,
-0.001581192803777956013001,
-0.000268871844840349650575,
-0.001105668838696349754944,
-0.000615302185023401410763,
-0.000446238409458936272165,
-0.001743650569271229999399,
0.011549419397518245755663,
0.001710106747889921299799,
-0.002870978391259432129651,
0.000278181123840103928027,
0.024338792788807791372951,
-0.001963304966643834772316,
-0.002639055401151641812307,
-0.001744118870109531748216,
-0.002291574803076611068636,
-0.001719248214802821623712,
-0.001856181595900131472976,
-0.001877348715293620812911,
-0.001120040598667686269213,
-0.002825267018517324622146,
0.002487636727309425893617,
0.024357521054663832521525,
-0.007702335182859031993685,
0.001149042869246419060203,
-0.005782036463765044542740,
0.001661606912276584503696,
-0.007935835399727347166943,
0.021877730678865753288775,
0.004430248614755487313044,
-0.005966735177529847514166,
-0.001227036340832725032704,
-0.003903554619519594096749,
-0.001777590663820112276347,
-0.003161341468580550467110,
-0.001817138433853410922625,
-0.002722595298142773886929,
-0.001720391371396793028098,
-0.002409434105886422254617,
-0.001577716087454310127380,
-0.002165944051309234147373,
-0.001419869475976729853925,
-0.001968835122941567893073,
-0.001258977339516749232792,
-0.001806628534447970047677,
-0.001099847075092817098169,
-0.001673116394209992656775,
-0.000943854062883540435858,
-0.001564944407463933224306,
-0.000790406096820930837918,
-0.001480710466773971570320,
-0.000637392728609761471774,
-0.001420818530137034005345,
-0.000480995620310480185428,
-0.001387976323094995819915,
-0.000314740332255797946454,
-0.001388729654036827739633,
-0.000126983371725211159620,
-0.001437534012009164790385,
0.000105954158102922581589,
-0.001568820631782057075515,
0.000442479042311630398933,
-0.001883389387836098809864,
0.001082675782508577856655,
-0.002844412711523556375193,
0.003520760931317704327953,
-0.021586809440912835961202,
-0.005091243454228025488995,
0.002975072241663482240648,
-0.000739761164578150390986,
0.001449486936419911277743,
-0.000017975494945375743681,
0.000875277857532778444903,
0.000323802746902707150583,
0.000485321221776757532555,
0.000596923779062896731062,
0.000102921803778877887173,
0.000940288409307462984266,
-0.000431741417297715397196,
0.001607125849503868554938,
-0.001657742911810599273012,
0.004238509539546759380402,
-0.018660607431459783761563,
-0.006827732075847475420871,
0.004965969997971877644694,
-0.001125899109538346359177,
0.003047069056496248123933,
-0.000353527048325049221902,
0.002383436707013086158780,
-0.000097041736024095805180,
0.002010124239067321780250,
0.000003419077761322828098,
0.001756050529470574474156,
0.000038273377501076314908,
0.001566323559589481197174,
0.000040401020895369983178,
0.001417730814674940647419,
0.000024149180125278952268,
0.001298803991448333004094,
-0.000003720853456304243183,
0.001203443906721324979658,
-0.000040191049079406739389,
0.001128526552823787536955,
-0.000084515288422742896289,
0.001073021667740991363926,
-0.000137787958720996905719,
0.001037896974712819095354,
-0.000203199891737167767473,
0.001026766154187143224863,
-0.000287230124703746324960,
0.001047846043342070447915,
-0.000402853873783684405044,
0.001119251461106585132654,
-0.000578630232639773772578,
0.001285462092465212589551,
-0.000890937833631786496591,
0.001687500267205874595125,
-0.001644265987103841596823,
0.003197284269630185256361,
-0.012010792503766543407040,
0.004252892778571677051547,
0.010162967807407743275894,
-0.003070729518111873623115,
0.002054525697022208802212,
-0.001314766106684736981028,
0.001207150881047067050161,
-0.000818943660488821983251,
0.000840243683869663546791,
-0.000528651555595583311394,
0.000512539878423015756934,
-0.000041442692281231432181,
-0.000895810621432879144489,
-0.021848969496512774673969,
0.005469822593593004662893,
-0.010087944321435296513023,
-0.000137860983250734587049,
0.001540366501824772318963,
0.001645430686424355099656,
0.000820545252856122865441,
0.001833190300600852102458,
0.000441625212416871812740,
0.001970694723663448440915,
0.000013783847595907157066,
0.002304750394332530979286,
-0.000810096554070024619729,
0.003665404230513148210735,
-0.005760862904552855635887,
-0.017253116588566839995078,
0.006505080896267014488321,
-0.002197031098671579484732,
0.010769447328149281753462,
0.006478586968762936777744,
-0.001528418570916519492880,
0.003027085551469133918590,
-0.001792148496973624497569,
0.005064409101417791450594,
-0.016382359903647385201975,
-0.006447715955101383095149,
0.004950368210852266331878,
-0.000523668986823277310405,
0.003011137539065095181101,
0.000200039418135515307401,
0.002335987510896875458954,
0.000426593402341070033340,
0.001930722154705161392255,
0.000531490254615390208918,
0.001595542362655066707944,
0.000678149524198466170655,
0.000993024487006184414933,
-0.009479612758548982415219,
0.002477976980550569783418,
0.000506957569231032364500,
0.001941433964689729795711,
0.000553457966372715719390,
0.001714900592543165246812,
0.000510240938728622416519,
0.001551817227652052197384,
0.000446767711662309201931,
0.001421135617345530401459,
0.000377195705991222117025,
0.001313121455430645012630,
0.000305806568034546421252,
0.001223564169656352887058,
0.000233664830472625852965,
0.001150616919431246337399,
0.000160155676256268581295,
0.001094097398933179931396,
0.000083101937965142814047,
0.001055849259657417726216,
-0.000002204183827515934432,
0.001041603671036213461104,
-0.000106508276796470568136,
0.001067720842124802917844,
-0.000260592275400744989231,
0.001193881058019197671446,
-0.000607644246812599287191,
0.001898398905467474796077,
-0.009379910801700509781487,
-0.000348754133164243251830,
0.001081517747743319457845,
0.000687179925533960562871,
0.000606201491522568962356,
0.000840561643306176210083,
0.000381215123584305673205,
0.000903202153822688287056,
0.000204674660199219687201,
0.000959702285136488416478,
0.000025787828238428133626,
0.001050159795118699342098,
-0.000201439433871799578914,
0.001239931422255181880931,
-0.000595393519293509719537,
0.001788371488375372448873,
-0.001945035923684856589769,
0.009211907535558755411031,
0.003834797521611805429936,
-0.001624554765796822498186,
0.000624575255926640058278,
-0.000622032141083876904779,
0.000115853830910564654152,
-0.000248798750786138173595,
-0.000161177713719517817954,
0.000041330291933891054887,
-0.000452573451335274606119,
0.000445255941358268332239,
-0.001047140434922789412747,
0.001702612905697517033110,
-0.006726783646581233067074,
-0.005000621346382504509021,
0.002441209491986500758343,
-0.000989570536899236821021,
0.001328406301546338754913,
-0.000498927732643400186942,
0.000979387707091425308015,
-0.000312815511486457388350,
0.000790188125053511102557,
-0.000213101263148612375415,
0.000656898013224179290817,
-0.000140597810203595737638,
0.000537640205925086480873,
-0.000058184730407020263891,
0.000387116933956577289472,
0.000105685544765298059270,
0.000058998411156812840118,
0.000742708882146021071025,
-0.002278962914376835360852,
-0.008577912089358825931118,
0.003567870913351838934452,
-0.001833191359834322135131,
0.003014421421873058823393,
-0.002682012194902847878469,
0.020991199270885416844346,
-0.015967988782570413652806,
-0.006249361996794672996502,
-0.006172016151408001374823,
0.000678007057974178628176,
0.000976095828252995225890,
0.001249292759099845852994,
-0.000916209319141545407671,
-0.007993729163102977069988,
0.003223867560503052009935,
-0.000261190332260752234791,
0.002299837477266303189388,
-0.000443303592842504614463,
0.017950930866844953814887,
0.000460567644781220220454,
0.000122126144418318737135,
-0.000063738452604586545887,
0.000268935567802806060715,
-0.000139885629702327492436,
0.000298117898235250046966,
-0.000170932763006759793614,
0.000309780615391652518198,
-0.000194333764953672275249,
0.000320818026553215088388,
-0.000218976670315013577286,
0.000336351465749295717132,
-0.000248416798694502788912,
0.000359061985468833743708,
-0.000285198805111427629386,
0.000391430268982940262213,
-0.000332145872466220253797,
0.000436538705287519996495,
-0.000392785010303036189426,
0.000497821244386562489909,
-0.000469077231649864473742,
0.000568966587945163001019,
-0.000505735117436811355829,
0.008846728199369531184248,
-0.001479916381663684554759,
0.000868573919660510810822,
-0.001844688982198266873069,
0.001732236211035069256212,
-0.003732995666840113746510,
0.014457056155857520712837,
0.003653038131100371822824,
-0.002563056808929234549332,
-0.000469330830724749305770,
-0.000705711898553687002299,
-0.002090895400033856467437,
0.003952163370879092918475,
0.003998291355478887816599,
-0.002055493143215035567462,
-0.003489549063394144744199,
-0.008976753672493977681546,
0.002575030343593430470772,
-0.002734537178061041597793,
0.001281832645348777999228,
-0.002021194032018396209704,
0.000922940103091113035055,
-0.001691945944701403947361,
0.000755723642972140619012,
-0.001478761111466510161719,
0.000641679312270679400726,
-0.001269136946399128471757,
0.000365420135201178250366,
-0.009828828254059156915856,
0.001532804425589490322779,
-0.001119488771336588648145,
0.001288598596886807948897,
-0.001055577474753274271058,
0.001256974326316035719606,
-0.001076152275470010875880,
0.001282110592938540865118,
-0.001142780880208737635459,
0.001354999250685753799800,
-0.001260616380894241921745,
0.001491755360927133006524,
-0.001459441155202922035458,
0.001743000967182951541079,
-0.001828477800270811434377,
0.002279368867197213710529,
-0.002749484635626032666411,
0.004268038394403487340023,
-0.017869196376352210198224,
0.000956346459575440482892,
0.007871419076040955808971,
-0.000960843189297942192051,
0.000511593550627593941435,
0.001639993792077270489196,
0.007523634850968769806345,
-0.000829007993884295596269,
-0.000049701022084414786008,
0.000573551530938605199153,
-0.001405734730406593344099,
0.003514750527576039791644,
0.013954620646366037994834,
-0.002999819720331514411732,
0.000196827962369186841227,
-0.000966879881667624023825,
-0.001054735680008923740317,
0.001337177661712753325152,
0.006299480785164771404205,
-0.002463197049024835709463,
-0.000179146979813151439875,
-0.001113505015554812739922,
-0.000955263318818445525925,
-0.000058791755322165693658,
-0.002619564802000812989841,
0.012291441504067017465029,
0.005152135783827995960116,
-0.004128020505667885642342,
0.000486019127350434312212,
-0.002692096462567314038572,
-0.000033208850596669987551,
-0.002165190572690785415777,
-0.000194468489965555157116,
-0.001845337487199166489130,
-0.000250075205561102855215,
-0.001613232417596783792660,
-0.000262490339350416245975,
-0.001430123500557348983561,
-0.000254650357480103064871,
-0.001279001119244199680125,
-0.000236853314204529667199,
-0.001150896321872162163594,
-0.000214290983722191172300,
-0.001040455286265555556735,
-0.000189755925509313395048,
-0.000944193561198545063852,
-0.000164780570709663072137,
-0.000859714925754858977011,
-0.000140161281716315506453,
-0.000785332302346109867655,
-0.000116210137203943682065,
-0.000719902228983316377908,
-0.000092818540638397648273,
-0.000662837564811677676206,
-0.000069325344861392065431,
-0.000614393877243959085285,
-0.000043938342747591361236,
-0.000576773503685259233791,
-0.000011526761099906281983,
-0.000558833543816865136594,
0.000047810903012178343052,
-0.000609818522136118881805,
0.000315239479088597605340,
-0.008156166806804152416555,
-0.000242299763242957569894,
0.000415527290026607718301,
-0.000192210071608313250602,
-0.007681679816864463508641,
0.000942150319701744566950,
0.000271636561428670547744,
0.000672238684860056276600,
0.000307892914112536139441,
0.000571953642503947225911,
0.000304403436735704586557,
0.000489904280493454733804,
0.000306165189330453394595,
0.000399163321748372478762,
0.000342490805525725910876,
0.000240349748410364279661,
0.000618082314391541929807,
0.014616364094892187602825,
-0.000956008609902011651654,
-0.000111233227866697648601,
-0.000606656501831829468932,
-0.000214142329084990659660,
-0.000461826524010801146847,
-0.000283325103346981812657,
-0.000298443948826799263299,
-0.000439376611800578408505,
0.000070949220386203807991,
-0.001263059910507787191730,
0.013254793723175627845334,
0.001146028936707435899600,
-0.002126986706378585813282,
0.000106076617610371785883,
-0.001691038690888115991057,
0.000061506860848078602141,
-0.001593036054576980886655,
0.000203627999936330196171,
-0.001678102517486162320592,
0.000559729429068618871551,
-0.002138221825398189078482,
0.001728555117728458167398,
-0.006097532191401005413622,
-0.000327490186379594209326,
0.005884019187342642148719,
-0.003074258992759822551460,
0.001308989622142414828432,
-0.002087725986740662179747,
-0.012121420529130655027727,
-0.007999232954529651717923,
0.001536829029266996351349,
-0.000597087728345461685175,
0.002238981439596501692157,
-0.004540572316516786402496,
-0.002383523817755877575314,
0.001780902438101375278787,
0.000194159504783146443646,
0.001005700459577530108540,
0.000464990463889012250673,
0.000723818955248724076046,
0.000561720281842442107495,
0.000523965391458062730926,
0.000641647095596814391084,
0.000316330900556065729417,
0.000778345606936913436344,
0.000009315991642022051870,
0.001124363029144698124945,
-0.000733646000335071287943,
0.002730650642171052709661,
-0.012659424375306439422562,
-0.003936857378132599220855,
0.003456072820063096993209,
-0.000718099525561470249449,
0.002363068949111805927554,
-0.000370291648790227294341,
0.002063967179017309975381,
-0.000406070278582678322044,
0.002090755106520028605566,
-0.000946831257368153673265,
-0.004146748970078403470629,
-0.000338086064608888580557,
0.007427542849477040444450,
0.002123320273381750986075,
0.000091935130565876923767,
0.000560771664138695483462,
0.000550027055843103711806,
0.000233380677628867994056,
0.000704065632150518050554,
0.000017687857017201788577,
0.000852998181434383787036,
-0.000303578683333141847219,
0.001613640476488953715006,
0.012659861818219019999332,
-0.000123892609967824363516,
-0.000631942956372460963241,
0.000044243401550853294745,
-0.000764211815835648053397,
0.000241451038533167111361,
-0.000914067119786733228021,
0.000484358432877429159920,
-0.001162615547808544275848,
0.000902113587451507862973,
-0.001784860758257778273056,
0.002455219442944891073549,
0.011491661653672734233478,
-0.000606747840051738603073,
-0.002915538816301704687362,
0.007952171572930023801806,
0.006926749543351590557294,
-0.004506044496884899393241,
0.000781790846127497583012,
-0.002804708876530873432054,
0.000337463285622670349298,
0.004510184080759085598067,
-0.000901431180292474481565,
-0.001811136900150163691475,
-0.000743590368702338111104,
-0.001609813604296221221587,
-0.000718142277506452018226,
-0.001390593382342012081232,
-0.000736838392663202810390,
-0.001099459334771403203404,
-0.001082516657048241282696,
-0.007158235310033700740662,
0.000382788016545989847120,
-0.001142283642710388395780,
0.000095123408369656250495,
-0.000962740055260507664875,
0.000075608848456951247442,
-0.000889016290716443282997,
0.000110629281742945380883,
-0.000865858527783008435214,
0.000187744986701230266550,
-0.000901829750345752153770,
0.000338612090482808816491,
-0.001065955907402696325320,
0.000723758816694545885351,
-0.001823092136468636419860,
0.004118013537912345103931,
0.003453280069561661530519,
-0.001724432317399951291800,
-0.006748925586088440169152,
-0.000778342372910444720707,
0.000315502155824188841148,
-0.000470195349756469520991,
0.000152687958696296431898,
-0.000307708994565654512382,
0.012913671443415503797825,
-0.001036215291584882160214,
-0.000461102368151188317814,
-0.000889630405539025190774,
-0.000427893642886902178697,
-0.000803695217607216638028,
-0.000377978558982717920134,
-0.000738895619379734505151,
-0.000323165285290061689120,
-0.000688731320845337104293,
-0.000266072511852664809247,
-0.000650839021942200722168,
-0.000207085948968917661324,
-0.000624448436529088371158,
-0.000145445721427782409139,
-0.000609899782273303544405,
-0.000079372206357534817994,
-0.000608769830282922166237,
-0.000005688221780292593809,
-0.000624525044938256906728,
0.000081254508819595565924,
-0.000664247486227163537811,
0.000192427278120665609662,
-0.000743483010369042724916,
0.000352838662972231216497,
-0.000903068041706067779067,
0.000637470306060295929286,
-0.001297726339974460824100,
0.001447716161595470662007,
-0.003651341656946518673954,
-0.010250433048655638312852,
0.002110031752600739600456,
-0.000338519948401161657053,
0.000683409635810998958641,
0.000253632054804133724897,
-0.005767552185290954029628,
0.001556092333571875221954,
-0.000890070119595428037480,
0.003249164841126229996693,
-0.007643421087564966631689,
-0.018631114400841773670603,
0.006429321526636183441183,
-0.001720288879202901827226,
0.004279182199146964842018,
-0.002340218116803152899330,
-0.002154338033170844542846,
0.001481672843934433688243,
0.001847674576378080784494,
0.000836487372941784675280,
0.001854039899245957245810,
0.000656472392721620372907,
0.001739019762850647736474,
0.000540472691841197461389,
0.001615138989944121588813,
0.000445776488664524584912,
0.001495678141093317436300,
0.000372158546577109998477,
0.001360313516340091490042,
0.000383191699278067319807,
0.000951307919238827612296,
0.003114429628251496988411,
0.006854166881824497181697,
0.003110067920088740653362,
-0.000130042141403572173277,
-0.000100858229208380440920,
0.000441914873601400486416,
-0.000371528955312975790824,
0.000610437222058957291992,
-0.000543606718053588782759,
0.000810457184374986845145,
-0.000954953408050938663126,
0.006575532039585923332892,
-0.000173034753968309305480,
0.000080661890736830694961,
-0.000690378928313368188385,
0.000380712990550265140133,
-0.000911864416436094886442,
0.000691370325971629208495,
-0.001388628705996051591540,
0.006636922904751352790542,
-0.000912584148156608430599,
0.000621752666178591395854,
-0.002310412286714496298001,
-0.009910726382160535766208,
-0.001384454969866722980412,
0.010529177851588125344739,
0.003730273184193553734356,
-0.002137572620801198551577,
0.000586229719826631204271,
-0.001008987808782888136172,
-0.000007348907564469714469,
-0.000474318875856390988980,
-0.000498328686000779215969,
0.000412988197457504757626,
-0.004403520809513337616603,
-0.002801927420551675578658,
0.001268487629740554191102,
-0.000890846825052466276262,
0.000695274060091115851147,
-0.000597992843337618804056,
0.000517496898314299676007,
-0.000480465035697176241596,
0.000441055763381359303490,
-0.000434302984192525779600,
0.000425160459985370162324,
-0.000451365318811980137815,
0.000491323923255251437253,
-0.000603443052066836901209,
0.000853861927028829814992,
-0.001896100678207600495270,
-0.004676551834351284388236,
0.001400814827719258810756,
-0.000698143776626253351886,
-0.005047675545304104553768,
0.001552271774474097082788,
-0.005382955428278974815970,
-0.000974682894995463743743,
0.001730486576584977943122,
-0.000179771840345887504858,
0.001598411777701419424907,
-0.000698859620705245040279,
0.006354178765370734928430,
0.001478066269688395849291,
-0.000106899469857583430919,
0.000368996656191009151770,
0.000219738125349798441802,
0.000159646378853728034474,
0.000320048524655179621526,
0.000044145846534253467509,
0.000379964023976608346843,
-0.000049405261614985675461,
0.000434795381425135372966,
-0.000142674078193763607773,
0.000500152420449809535438,
-0.000250114464517763946186,
0.000591426349854002253101,
-0.000391693397464177868027,
0.000736888474526026324846,
-0.000612956610036799400161,
0.001017761071852940537447,
-0.001084559974509517483315,
0.001900924273523370853015,
-0.004450646629255755951093,
-0.003043890885607167945404,
0.000806536001630349884926,
0.006292849406247112004076,
-0.000638419929729362495459,
0.002224642688795908963828,
-0.012427826405835994474924,
-0.006061215097176753628661,
0.003791483982896972585591,
-0.001282739069233895714411,
0.002412097525680514508578,
-0.000818008788480370247626,
0.002178585998826153107000,
-0.001096226418071470729704,
0.003115656034851651580431,
-0.008064261399083083939332,
-0.003774967924551618156381,
0.003262248440085290836221,
-0.001176396102886157618572,
0.005451339941147602050076,
0.004877313358203958122694,
-0.000746580780606940141650,
0.001166999989999933972154,
0.000002163432611014136277,
0.000743166656942151468077,
0.000207108712709324482978,
0.000485579240822129470923,
0.000412826773660421569162,
0.000055497169254159082943,
0.001495352038869271656119,
0.005841000235983937090289,
-0.001536320776666816670386,
0.001693032974953029030224,
0.004120583096870267594825,
-0.000885282367959799279707,
0.000412937482573876631781,
-0.001364831830373698998149,
0.008296682684911151767215,
0.002204722687394074925882,
-0.002548039865839125429903,
0.003085874095828781277229,
0.004610796358099514789808,
0.008542387034232806070078,
0.002154120339166231811595,
-0.002044267432927374290863,
-0.000955326735013043316230,
-0.001833944259918655287495,
-0.000206621284379869193937,
-0.005390318810945999433715,
-0.004403844916020981797855,
0.000833491195629238509207,
-0.001909122895785556051074,
0.000343397443197567897935,
-0.001666024191489414493089,
0.000466090085482857722013,
-0.001969659928705519078007,
0.001978311541375804387399,
0.009671322468175326189654,
-0.002604267103854362129522,
-0.000031044750200528363308,
-0.001963249300764769670474,
0.000747120322865589287648,
-0.006632813656070275787346,
-0.008013942870742606083834,
0.003480652612033233433281,
-0.004596233535966810779261,
-0.000226868802175729782772,
0.003613636776774791989353,
-0.001145882662689582005833,
0.000025387579740888521068,
-0.000238451869710859629299,
-0.000388690155436969306084,
0.000078552391730490238667,
-0.000611524924112133829238,
0.000342422607591829383615,
-0.000871958913860516058106,
0.000730598930936553702352,
-0.001418763088058564532032,
0.001835080071427294201927,
-0.005813946753853506919929,
-0.000593104535479564883016,
0.003988124302728750063263,
0.002586263984114572488798,
0.004927131600353369840495,
-0.005207510863661880991249,
-0.013729528019022170515218,
0.000864034909224241213545,
0.000078525139685065785226,
-0.005737997371718601968826,
0.001705812085467203753630,
-0.000079904307697334082776,
0.001246344120474328787812,
0.000033852996396632967571,
0.001070683797287772485995,
0.000065360187814154566393,
0.000936672662019851745736,
0.000093919654193610829177,
0.000792228891134330896404,
0.000178705226254871369241,
0.000528145599212822961822,
0.000606501682196427562010,
-0.001316877413912231247275,
-0.004136174663842600088270,
0.002543189149927222933445,
-0.001055983451530456609241,
0.002100867289870348396386,
-0.001340935377768051996530,
0.007090925740418018222155,
-0.000758327761721599362225,
0.002191114473485703418448,
-0.013867891209557807116748,
-0.006591475738038596668411,
0.002049023769560952799862,
-0.002027987257072988089290,
-0.002716499408029042668400,
0.006357349564840434827384,
0.002658012038111667862950,
0.001284466108558588066935,
-0.000603313908963410252054,
0.003336366983757970382241,
-0.007680938225278240508165,
-0.002091920171744303391659,
-0.003346545300484849057299,
-0.005928491856927304431979,
0.004607224935549655148170,
-0.000748595772605174618330,
0.002970685395050890256763,
-0.000124588545452120665752,
0.002376815220569263378825,
0.000067067408583525818175,
0.002038639844835052686300,
0.000119743571123201203617,
0.001813219881143524492978,
0.000111858132998950338989,
0.001646754959934807697325,
0.000089967636414707541880,
0.001462141386261923189233,
0.000299558139092600346411,
-0.002483614814980318347831,
-0.001962008794767378539597,
0.006574762741307210549280,
0.000126096409283199908415,
0.007170988421469709495071,
-0.002061563857917032751427,
0.008756902637140968892471,
-0.006395979834155214940883,
-0.001519591699672755320816,
0.000583835238744603510219,
0.002853054447929520565097,
0.002574616645597968805220,
0.003180375409992924635311,
0.002337771018506344233162,
-0.002047972740428307542038,
0.001497141537106888489056,
-0.002169385804176945757582,
0.003782502270573319478469,
0.002406336472978653443638,
-0.000936991353900846969845,
-0.000309063928439408679063,
-0.000304109012701933361864,
-0.000529725607630479339988,
-0.000115377552909681069379,
-0.000604291908873410524468,
0.000016180600447700211816,
-0.000679766814186215677027,
0.000189244930523672959602,
-0.000884088850134323719562,
0.000725316037372785034874,
-0.003437413743268752375215,
-0.001960695254951710063407,
0.000672184334305750874790,
-0.000450836035220739388563,
0.000314517735347746613291,
-0.000338833432506250404811,
0.000341410023514804902671,
-0.000498008084526811419315,
0.000734341844053010978088,
-0.001501042584374060384275,
0.006010196269684313710724,
0.004694211094483448191983,
-0.002729802325787647216543,
0.001301857955362151165676,
-0.001898873537634992872750,
0.001082773719160047684248,
-0.001827448010086487380915,
0.001167895211473030450677,
-0.000527806589704493808388,
0.009951506068949483863051,
0.000112505989481774017202,
0.003183348078501011587521,
0.004993600419943651849697,
-0.000956316111423938892619,
0.003048774535898539708723,
-0.002956748830161004537587,
-0.000185810542964115737313,
-0.001898929794261230942151,
-0.000571233060974875739985,
-0.001453016946326282643476,
-0.000705348569657242340306,
-0.001160651540499048036195,
-0.000765138738876917825354,
-0.000930592077706482250464,
-0.000803271267774549753947,
-0.000724835711335990173776,
-0.000849141131956982864008,
-0.000511674649205624961987,
-0.000942026528317381267250,
-0.000223370939487457743564,
-0.001225873282316228708028,
0.000593538825401336155203,
-0.009117997167402469571584,
0.002578423304799033928536,
0.003744767279229811555996,
0.003902577476331182352448,
0.000136728083161652609091,
-0.000857839077521614884296,
-0.000612608611858757182503,
-0.000254183261831065511731,
-0.004952468729628661109343,
-0.000892878793060491462129,
-0.000026300871722842336740,
-0.000353335394861256841571,
-0.004774575929031734874974,
0.000024478070209351677209,
-0.000115103538930575905754,
0.000181803666432326445530,
-0.000275069974329533468299,
0.000368998826314103831308,
-0.000516242044020925774754,
0.000726598975852047238543,
-0.001182325924045501269743,
0.003282583407448410456331,
0.001769436514936380743998,
-0.000334273688594024359893,
-0.000910015228448686095894,
0.002584095949008858271456,
0.000345202433259376691502,
-0.004614418983646576856439,
0.001844326801498124895548,
-0.001532401807188553703384,
0.001042640939304832108439,
-0.001162720079818058745852,
0.000924228239167951964861,
-0.001236801024505616332372,
0.001483731979755340511795,
-0.001016443887465034740664,
-0.000184196576162120912064,
0.004171580683365579654553,
-0.000993375690287399406783,
0.000160521994098187506181,
-0.000537905023261731497081,
0.000022915887364501844742,
-0.000447246025485399320305,
0.000026311135989300874112,
-0.000439149061574796645887,
0.000085086803206398423875,
-0.000485528213859721046678,
0.000202585953216383781589,
-0.000621933489981549552511,
0.000480615759862845380243,
-0.001177922274964971014605,
0.003546944309482388292543,
0.006496047624432007422390,
-0.000740445954609382918192,
-0.000616581725500373913074,
-0.000289862287065959216975,
-0.001022965865092526505792,
-0.002577366572897774130851,
0.001723777040206835378666,
-0.004995811963801590795120,
0.001124809973810608808645,
-0.001041025768789416352383,
0.000406832150423868874056,
-0.000669402649280015967642,
0.000214066072136803264934,
-0.000506164628652141330642,
0.000126044827446428122242,
-0.000409309202997741074237,
0.000080606023930969287507,
-0.000348753985593221714229,
0.000065736236981333505099,
-0.000326813927885785475945,
0.000105455020671693888669,
-0.000420921118325353412100,
0.000523098421989776941887,
0.007951016397291255435875,
-0.001241680017666457486875,
0.000029741063675696129999,
-0.000920475173124078466930,
0.000084657813807871757934,
-0.001034954054729019532269,
0.000492701898456706722032,
-0.001920258901057488596167,
0.006294116894630059910742,
0.002785166971330290015818,
-0.002427783512466781881689,
0.000950864617721751620785,
-0.003681993021413199496800,
-0.011015407958926633907870,
-0.001045380664468586757315,
-0.000373168959783570656011,
0.000910562551790967478552,
-0.002232913071900945699289,
-0.000756662296213338864646,
0.000389827700398754815273,
0.000361625699913332391156,
-0.003463731034490202202042,
-0.003520481344299326246366,
0.000699686711642730349223,
-0.002902241665544837839752,
0.000039386893630574573537,
0.001320918571750671465653,
-0.000593375162579029384602,
-0.005181266799955381793796,
-0.002614077445631605642329,
0.006616608713469932824547,
0.005274907611319820839590,
-0.000705480579408133750760,
0.000731792401071630106701,
0.000815135476495922072816,
-0.004788847060724067856985,
-0.003482474182991938602139,
0.011227167145026381231410,
-0.001095914599291109275264,
0.000968116888063386593806,
0.000085869622912785914829,
-0.001546847140445413177484,
-0.003350537509270301930742,
0.002356265947504769704690,
-0.001318662248170080798781,
0.002346513261645011803880,
-0.006352096474604652237561,
-0.002927064352200919958996,
0.002162804785204755324279,
-0.000470466013302013900607,
0.003805859578803631303873,
0.002391187092131381863869,
-0.000482373372610387447963,
0.001029930913967994684372,
-0.000223057571099705533382,
0.000894686310839541828685,
-0.000244015567959376239969,
0.000908775742893003961667,
-0.000392254946048531372670,
0.001116148868338359733191,
-0.000981596362750716128209,
0.004973688061742644397900,
0.000619369042088260867221,
0.009033703400890007520485,
-0.000260184393370389540137,
-0.000079107592478694713223,
-0.001533699282399120494141,
0.004133755646746123044166,
0.006839251308657808697822,
-0.004672841585527151564428,
0.009027478144448217514673,
0.000438647058235041914162,
-0.001746280111450152720126,
-0.001080836759065294510468,
-0.000856461492316848947703,
-0.001158821748502357950814,
-0.000645565087648961185261,
-0.001163473110931188218148,
-0.000439208944161773246276,
-0.001309476823161952619562,
0.003337397135362576375966,
-0.000815110899966571176255,
-0.000710590994170349219208,
-0.001024059859799159727389,
-0.000642252195158426260509,
-0.009515237918031695107945,
-0.007881290589245595890056,
-0.008654783569664899547935,
0.001127053642475288504354,
-0.000193777829447122108830,
0.001373342525432969321586,
-0.000631885675625782966200,
0.002150745590725922085085,
-0.003558915315596495286543,
-0.005771450511944059211245,
0.002009926707165715295544,
0.007331170945540844974264,
0.001703736922395058302898,
-0.000542338533728001963644,
0.000991773649968748574612,
-0.000323843562615672240362,
0.000937600094588691827281,
-0.000725182656638770047411,
0.007600316353646479478057,
0.001248960227897013023843,
-0.001005467609076247459746,
0.000777529076586027344253,
-0.001446929258104771073151,
0.003241599452119549220480,
0.005971035454264106770439,
-0.002369982923598496805939,
0.000830246855854688964316,
-0.001576387792588765292962,
-0.002396283083566517774915,
-0.003361083902285844082769,
-0.001794114860816705108587,
-0.005091482810837878215937,
-0.009999708448913593311635,
0.001061269327730498005999,
0.000073763132895971047706,
0.001252636432004397646495,
-0.003983451493434833623475,
0.003067254256168044836833,
-0.006886196918796746828384,
-0.001418677822958668791747,
0.001796076651815961414474,
0.000880550319522963118729,
0.000297591313583520740080,
-0.007713132244526339428847,
0.004752521902721369879974,
0.002234074686158231317495,
0.000332016159001956214641,
0.004370356808759088065863,
0.001836749649437932185164,
-0.000246236242743282443546,
0.003178045070835648980290,
0.002873592170712635333885,
-0.000785424905233822858233,
0.001986381812714454499214,
-0.000748746573299064691748,
0.005553681008242895497662,
-0.002729238498848997850066,
0.002044533076756001148400,
0.008007113000051668469381,
-0.000391834138352868525425,
-0.001220371843768374223171,
-0.007094452615410323619016,
0.001556910697410533511373,
-0.000810309529113411664350,
0.000716875522761342416460,
-0.000416542511573711395512,
0.000450087201513977598882,
-0.000228245426821441276064,
0.000277886705145703304803,
-0.000077175118055124316370,
0.000097359083894834642925,
0.000178080878158119656216,
0.003678502066763925278103,
-0.000119218652136236067285,
-0.000526719252278682464885,
0.001549762705188521393768,
0.002782150316163092829136,
-0.001344400625408529370217,
0.000414829472028176117135,
-0.000793113702714842933386,
0.000186676025967363716247,
-0.000604755804502619042848,
0.000086591409666170464539,
-0.000463415925655574387990,
-0.000075626859859161273646,
-0.004493122132901655393922,
0.000607877108372116667541,
-0.000691611074818313073705,
0.002721478975392145355922,
0.002189440364112799335822,
-0.000270009829304607607177,
-0.006756350034877719144821,
0.001933829932209820377798,
-0.001197126019082163329507,
0.001237942806929315589515,
-0.001241573097594690080689,
0.002262049605375588551270,
0.006382564225613360751888,
-0.001077781616633963386598,
-0.000023069006869373470323,
-0.000337614732609614327623,
-0.000295127954814050803833,
-0.000126889394245735163090,
-0.000418285676069971934857,
0.000046610330902246375215,
-0.000581393901031363380047,
0.000348645699247526166982,
-0.001119038216825369008028,
0.002950232406989267055358,
0.000977080381698384450515,
-0.000231985406600636876514,
-0.006987909341108235888873,
0.000689282817146125983618,
0.007585862820344830767527,
-0.002658745481111131955115,
0.001521259359139852471859,
-0.002165934678944904205611,
0.002167855187783456968886,
-0.006372696872045604740697,
-0.006695661866741715179119,
0.002650414505363580652125,
-0.002566538488591224922986,
-0.005262260680462088960341,
0.001680742768097621357010,
-0.000132551837272573279532,
-0.002057962124224245459292,
-0.000352430648108478165696,
0.001524941268133772273585,
-0.000491842019843056815417,
0.001938424316477358648816,
-0.003485994916241665075862,
0.004075605172287447702795,
-0.000009532634610838084874,
0.001889529571018626515067,
-0.005525922099150017141600,
-0.003212757134318058524491,
0.005472995208228590216515,
0.000787536248384233567195,
0.005256737456607151436072,
-0.002540123628736735451883,
0.003095706398582431535110,
0.005858427890529659815000,
0.000394919874878725974537,
0.003448341043871149067673,
-0.001813058214787488780367,
0.001158357794706064893692,
-0.002049297447595274483667,
0.003944559480671939143137,
0.004514342916488574448952,
-0.001883771495144428292923,
0.000157689298672857958032,
-0.000908087990602377708761,
-0.000219839785274190881604,
-0.000595389107646057528546,
-0.000368827831828395997279,
-0.000382283804051302398587,
-0.000502949801964890259864,
-0.000106661493957144529448,
-0.001237631088772113679281,
-0.003345849360998500755804,
0.000223339152669421725506,
-0.000235077988537932676362,
-0.000176586106149752812425,
0.000088609011669030669084,
-0.000627965896571800710931,
0.002198288195212680720680,
0.001201178721236760647134,
-0.000855029452556846803618,
0.000182408752812139509248,
-0.000556806599854509781666,
0.000121852747385199069660,
-0.000596216046374804385828,
0.000476590469484045812631,
-0.002497397468587667524603,
-0.002692556150548492538421,
0.001284730803005532714239,
-0.001112192805824130641817,
0.001628130488827344906841,
0.004290116175528305500486,
0.006226189071981377484710,
0.002858180952856849942056,
0.002546453074988712893256,
-0.001583511180416785580835,
0.000019001289999106369885,
-0.001798528473285671913998,
0.001385680524514151107374,
0.005290356278817690688365,
-0.001528679636738708219265,
-0.001082978431933753586669,
-0.000089540846956682779330,
-0.003618795717671954587785,
-0.001295508829454694718283,
-0.006248139491255117090873,
-0.006392110592337608108993,
0.002774584574567265371492,
0.002553893976005194420970,
-0.005948706003477289422365,
-0.001786369746265414589284,
-0.000175573684226858813678,
-0.010428699402001286034025,
-0.000494561260474426448580,
-0.000114319627131879617520,
-0.002558784996879801508507,
0.000944722334087554006972,
0.001021578140178688084289,
0.000102971608345210781897,
0.003408723598887109396821,
0.003180620865171911431507,
-0.001601713827096884305845,
-0.007472347746475964218316,
-0.000958314928014747120094,
0.001515640937744776534438,
0.000208305236145816326417,
0.004876944834822250635087,
0.003396262682032076801047,
0.000116520081674185483657,
0.000397027088160936984448,
0.000499300239750758356391,
0.000127512289778934255003,
0.000612379420294501377112,
0.002224597130627232587780,
0.003009037565368129479165,
0.001627634820183833808810,
0.002201339960637078204536,
0.000071819590935662367022,
-0.000068172997901799832119,
-0.000318316705548887021043,
-0.002140457911569776383587,
-0.004157487847195477474738,
0.001533204211667424507123,
0.005192008714097614066607,
-0.000272561064851158454947,
0.007474804534600258849875,
-0.003043331800259937557768,
0.001751002686743939693731,
-0.005758809083963924504990,
-0.002299144529930218124048,
0.000215551506539390751171,
-0.006127617881156225375372,
0.002610885596597671293867,
-0.005274770088814329828397,
-0.001566593656690017273558,
0.001460151518945756619547,
-0.000419013236345034995219,
0.001182604850392631606892,
-0.000447620149767952082293,
0.001349859761433649333467,
-0.001538538068013401219347,
-0.001742057470861297849285,
0.001187647549347361011773,
0.002460115790565437030729,
-0.000474786163033714503183,
0.001213023981440196179260,
-0.001568880228215526698859,
-0.002387794667960191005718,
0.000978174693956253196031,
0.003332269034158900217202,
0.000143713146228807177578,
0.000465370035466228584853,
-0.000263509944493231279463,
0.001394588870904806595513,
0.006586402281977540157376,
-0.001083829039857034035044,
0.000328241283277487137446,
-0.000384292461191091663450,
-0.000059597058971853651005,
0.000302956458261431356253,
-0.000795309487482888377574,
0.003761790163396669557649,
0.002839529634488929636660,
0.000937481745832350514894,
0.001597499299705038185160,
-0.002282909072278325318672,
-0.000951737264901308379836,
-0.005566485568150673565735,
-0.006633491105665346304621,
0.003768409141354705192695,
0.001501368516970430977073,
-0.001520616264226213850200,
0.002259613218154807746246,
-0.004749530602580711961813,
-0.005460593807622955188352,
0.009148015542274868031059,
-0.003375344583210152654695,
0.002442096298933130790049,
-0.001962716646780377719589,
0.002479638361329039759895,
0.005375249189473201363865
